0 -1000.0 -1000.0 -1000.0 -1000.0 -1000.0 -1000.0
10000 -1000.0 -1000.0 -1000.0 -1000.0 -1000.0 -1000.0
10000 -1000.0 -1000.0 -1000.0 -1000.0 -1000.0 -1000.0
20000 -1000.0 -1000.0 -1000.0 -1000.0 -1000.0 -1000.0
20000 -1000.0 -1000.0 -1000.0 -1000.0 -1000.0 -1000.0
30000 -1000.0 -1000.0 -1000.0 -1000.0 -1000.0 -1000.0
30000 -1000.0 -1000.0 -1000.0 -1000.0 -1000.0 -1000.0
40000 -1000.0 -1000.0 -1000.0 -1000.0 -1000.0 -1000.0
40000 -1000.0 -1000.0 -1000.0 -1000.0 -1000.0 -1000.0
50000 -1000.0 -1000.0 -1000.0 -1000.0 -1000.0 -1000.0
50000 -1000.0 -1000.0 -1000.0 -1000.0 -1000.0 -1000.0
60000 -1000.0 -1000.0 -1000.0 -1000.0 -1000.0 -1000.0
60000 -1000.0 -1000.0 -1000.0 -1000.0 -1000.0 -1000.0
70000 -1000.0 -1000.0 -1000.0 -1000.0 -1000.0 -1000.0
70000 -1000.0 -1000.0 -1000.0 -1000.0 -1000.0 -1000.0
80000 -1000.0 -1000.0 -1000.0 -1000.0 -1000.0 -1000.0
80000 -1000.0 -1000.0 -1000.0 -1000.0 -1000.0 -1000.0
90000 -1000.0 -1000.0 -1000.0 -1000.0 -1000.0 -1000.0
90000 -1000.0 -1000.0 -1000.0 -1000.0 -1000.0 -1000.0
100000 -1000.0 -1000.0 -1000.0 -1000.0 -1000.0 -1000.0
100000 -1000.0 -1000.0 -1000.0 -1000.0 -1000.0 -1000.0
110000 -1000.0 -1000.0 -1000.0 -1000.0 -1000.0 -1000.0
110000 -1000.0 -1000.0 -1000.0 -1000.0 -1000.0 -1000.0
120000 -1000.0 -1000.0 -1000.0 -1000.0 -1000.0 -1000.0
120000 -1000.0 -1000.0 -1000.0 -1000.0 -1000.0 -1000.0
130000 -1000.0 -1000.0 -1000.0 -1000.0 -1000.0 -1000.0
130000 -1000.0 -1000.0 -1000.0 -1000.0 -1000.0 -1000.0
140000 -1000.0 -1000.0 -1000.0 -1000.0 -1000.0 -1000.0
140000 -1000.0 -1000.0 -1000.0 -1000.0 -1000.0 -1000.0
150000 -1000.0 -1000.0 -1000.0 -1000.0 -1000.0 -1000.0
150000 -1000.0 -1000.0 -1000.0 -1000.0 -1000.0 -1000.0
160000 -1000.0 -1000.0 -1000.0 -1000.0 -1000.0 -1000.0
160000 -1000.0 -1000.0 -1000.0 -1000.0 -1000.0 -1000.0
170000 -1000.0 -1000.0 -1000.0 -1000.0 -1000.0 -1000.0
170000 -1000.0 -1000.0 -1000.0 -1000.0 -1000.0 -1000.0
180000 -1000.0 -1000.0 -1000.0 -1000.0 -1000.0 -1000.0
180000 -1000.0 -1000.0 -1000.0 -1000.0 -1000.0 -1000.0
190000 -1000.0 -1000.0 -1000.0 -1000.0 -1000.0 -1000.0
190000 -1000.0 -1000.0 -1000.0 -1000.0 -1000.0 -1000.0
200000 -1000.0 -1000.0 -1000.0 -1000.0 -1000.0 -1000.0
200000 -1000.0 -1000.0 -1000.0 -1000.0 -1000.0 -1000.0
210000 -1000.0 -1000.0 -1000.0 -1000.0 -1000.0 -1000.0
210000 -1000.0 -1000.0 -1000.0 -1000.0 -1000.0 -1000.0
220000 -1000.0 -1000.0 -1000.0 -1000.0 -1000.0 -1000.0
220000 -1000.0 -1000.0 -1000.0 -1000.0 -1000.0 -1000.0
230000 -1000.0 -1000.0 -1000.0 -1000.0 -1000.0 -1000.0
230000 -1000.0 -1000.0 -1000.0 -1000.0 -1000.0 -1000.0
240000 -1000.0 -1000.0 -1000.0 -1000.0 -1000.0 -1000.0
240000 -1000.0 -1000.0 -1000.0 -1000.0 -1000.0 -1000.0
250000 -1000.0 -1000.0 -1000.0 -1000.0 -1000.0 -1000.0
250000 -1000.0 -1000.0 -1000.0 -1000.0 -1000.0 -1000.0
260000 -1000.0 -1000.0 -1000.0 -1000.0 -1000.0 -1000.0
260000 -1000.0 -1000.0 -1000.0 -1000.0 -1000.0 -1000.0
270000 -1000.0 -1000.0 -1000.0 -1000.0 -1000.0 -1000.0
270000 -1000.0 -1000.0 -1000.0 -1000.0 -1000.0 -1000.0
280000 -1000.0 -1000.0 -1000.0 -1000.0 -1000.0 -1000.0
280000 -1000.0 -1000.0 -1000.0 -1000.0 -1000.0 -1000.0
290000 -1000.0 -1000.0 -1000.0 -1000.0 -1000.0 -1000.0
290000 -1000.0 -1000.0 -1000.0 -1000.0 -1000.0 -1000.0
300000 -1000.0 -1000.0 -1000.0 -1000.0 -1000.0 -1000.0
300000 -1000.0 -1000.0 -1000.0 -1000.0 -1000.0 -1000.0
310000 -1000.0 -1000.0 -1000.0 -1000.0 -1000.0 -1000.0
310000 -1000.0 -1000.0 -1000.0 -1000.0 -1000.0 -1000.0
320000 -1000.0 -1000.0 -1000.0 -1000.0 -1000.0 -1000.0
320000 -1000.0 -1000.0 -1000.0 -1000.0 -1000.0 -1000.0
330000 -1000.0 -1000.0 -1000.0 -1000.0 -1000.0 -1000.0
330000 -1000.0 -1000.0 -1000.0 -1000.0 -1000.0 -1000.0
340000 -1000.0 -1000.0 -1000.0 -1000.0 -1000.0 -1000.0
350000 -1000.0 -1000.0 -1000.0 -1000.0 -1000.0 -1000.0
360000 -1000.0 -1000.0 -1000.0 -1000.0 -1000.0 -1000.0
370000 -1000.0 -1000.0 -1000.0 -1000.0 -1000.0 -1000.0
380000 -1000.0 -1000.0 -1000.0 -1000.0 -1000.0 -1000.0
390000 -1000.0 -1000.0 -1000.0 -1000.0 -1000.0 -1000.0
400000 -1000.0 -1000.0 -1000.0 -1000.0 -1000.0 -1000.0
410000 -1000.0 -1000.0 -1000.0 -1000.0 -1000.0 -1000.0
420000 -1000.0 -1000.0 -1000.0 -1000.0 -1000.0 -1000.0
430000 -1000.0 -1000.0 -1000.0 -1000.0 -1000.0 -1000.0
440000 -1000.0 -1000.0 -1000.0 -1000.0 -1000.0 -1000.0
450000 -1000.0 -1000.0 -1000.0 -1000.0 -1000.0 -1000.0
460000 -1000.0 -1000.0 -1000.0 -1000.0 -1000.0 -1000.0
470000 -1000.0 -1000.0 -1000.0 -1000.0 -1000.0 -1000.0
480000 -1000.0 -1000.0 -1000.0 -1000.0 -1000.0 -1000.0
490000 -1000.0 -1000.0 -1000.0 -1000.0 -1000.0 -1000.0
500000 -1000.0 -1000.0 -1000.0 -1000.0 -1000.0 -1000.0
510000 -1000.0 -1000.0 -1000.0 -1000.0 -1000.0 -1000.0
520000 -1000.0 -1000.0 -1000.0 -1000.0 -1000.0 -1000.0
530000 -1000.0 -1000.0 -1000.0 -1000.0 -1000.0 -1000.0
540000 -1000.0 -1000.0 -1000.0 -1000.0 -1000.0 -1000.0
550000 -1000.0 -1000.0 -1000.0 -1000.0 -1000.0 -1000.0
560000 -1000.0 -1000.0 -1000.0 -1000.0 -1000.0 -1000.0
570000 -1000.0 -1000.0 -1000.0 -1000.0 -1000.0 -1000.0
580000 -1000.0 -1000.0 -1000.0 -1000.0 -1000.0 -1000.0
590000 -1000.0 -1000.0 -1000.0 -1000.0 -1000.0 -1000.0
600000 -1000.0 -1000.0 -1000.0 -1000.0 -1000.0 -1000.0
610000 -1000.0 -1000.0 -1000.0 -1000.0 -1000.0 -1000.0
620000 -1000.0 -1000.0 -1000.0 -1000.0 -1000.0 -1000.0
630000 -1000.0 -1000.0 -1000.0 -1000.0 -1000.0 -1000.0
640000 -1000.0 -1000.0 -1000.0 -1000.0 -1000.0 -1000.0
650000 -1000.0 -1000.0 -1000.0 -1000.0 -1000.0 -1000.0
660000 -1000.0 -1000.0 -1000.0 -1000.0 -1000.0 -1000.0
670000 -1000.0 -1000.0 -1000.0 -1000.0 -1000.0 -1000.0
680000 -1000.0 -1000.0 -1000.0 -1000.0 -1000.0 -1000.0
690000 -1000.0 -1000.0 -1000.0 -1000.0 -1000.0 -1000.0
700000 -1000.0 -1000.0 -1000.0 -1000.0 -1000.0 -1000.0
710000 -1000.0 -1000.0 -1000.0 -1000.0 -1000.0 -1000.0
720000 -1000.0 -1000.0 -1000.0 -1000.0 -1000.0 -1000.0
730000 -1000.0 -1000.0 -1000.0 -1000.0 -1000.0 -1000.0
740000 -1000.0 -1000.0 -1000.0 -1000.0 -1000.0 -1000.0
750000 -1000.0 -1000.0 -1000.0 -1000.0 -1000.0 -1000.0
760000 -1000.0 -1000.0 -1000.0 -1000.0 -1000.0 -1000.0
770000 -1000.0 -1000.0 -1000.0 -1000.0 -1000.0 -1000.0
780000 -1000.0 -1000.0 -1000.0 -1000.0 -1000.0 -1000.0
790000 -1000.0 -1000.0 -1000.0 -1000.0 -1000.0 -1000.0
800000 -1000.0 -1000.0 -1000.0 -1000.0 -1000.0 -1000.0
810000 -1000.0 -1000.0 -1000.0 -1000.0 -1000.0 -1000.0
820000 -1000.0 -1000.0 -1000.0 -1000.0 -1000.0 -1000.0
830000 -1000.0 -1000.0 -1000.0 -1000.0 -1000.0 -1000.0
840000 -1000.0 -1000.0 -1000.0 -1000.0 -1000.0 -1000.0
850000 -1000.0 -1000.0 -1000.0 -1000.0 -1000.0 -1000.0
860000 -1000.0 -1000.0 -1000.0 -1000.0 -1000.0 -1000.0
870000 -1000.0 -1000.0 -1000.0 -1000.0 -1000.0 -1000.0
880000 -1000.0 -1000.0 -1000.0 -1000.0 -1000.0 -1000.0
890000 -1000.0 -1000.0 -1000.0 -1000.0 -1000.0 -1000.0
900000 -1000.0 -1000.0 -1000.0 -1000.0 -1000.0 -1000.0
910000 -1000.0 -1000.0 -1000.0 -1000.0 -1000.0 -1000.0
920000 -1000.0 -1000.0 -1000.0 -1000.0 -1000.0 -1000.0
930000 -1000.0 -1000.0 -1000.0 -1000.0 -1000.0 -1000.0
940000 -1000.0 -1000.0 -1000.0 -1000.0 -1000.0 -1000.0
950000 -1000.0 -1000.0 -1000.0 -1000.0 -1000.0 -1000.0
960000 -1000.0 -1000.0 -1000.0 -1000.0 -1000.0 -1000.0
970000 -1000.0 -1000.0 -1000.0 -1000.0 -1000.0 -1000.0
980000 -1000.0 -1000.0 -1000.0 -1000.0 -1000.0 -1000.0
990000 -1000.0 -1000.0 -1000.0 -1000.0 -1000.0 -1000.0
1000000 -1000.0 -1000.0 -1000.0 -1000.0 -1000.0 -1000.0
1010000 -1000.0 -1000.0 -1000.0 -1000.0 -1000.0 -1000.0
1020000 -1000.0 -1000.0 -1000.0 -1000.0 -1000.0 -1000.0
1030000 -1000.0 -1000.0 -1000.0 -1000.0 -1000.0 -1000.0
1040000 -1000.0 -1000.0 -1000.0 -1000.0 -1000.0 -1000.0
1050000 -1000.0 -1000.0 -1000.0 -1000.0 -1000.0 -1000.0
1060000 -1000.0 -1000.0 -1000.0 -1000.0 -1000.0 -1000.0
1070000 -1000.0 -1000.0 -1000.0 -1000.0 -1000.0 -1000.0
1080000 -1000.0 -1000.0 -1000.0 -1000.0 -1000.0 -1000.0
1090000 -1000.0 -1000.0 -1000.0 -1000.0 -1000.0 -1000.0
1100000 -1000.0 -1000.0 -1000.0 -1000.0 -1000.0 -1000.0
1110000 -1000.0 -1000.0 -1000.0 -1000.0 -1000.0 -1000.0
1120000 -1000.0 -1000.0 -1000.0 -1000.0 -1000.0 -1000.0
1130000 -1000.0 -1000.0 -1000.0 -1000.0 -1000.0 -1000.0
1140000 -1000.0 -1000.0 -1000.0 -1000.0 -1000.0 -1000.0
1150000 -1000.0 -1000.0 -1000.0 -1000.0 -1000.0 -1000.0
1160000 -1000.0 -1000.0 -1000.0 -1000.0 -1000.0 -1000.0
1170000 -1000.0 -1000.0 -1000.0 -1000.0 -1000.0 -1000.0
1180000 -1000.0 -1000.0 -1000.0 -1000.0 -1000.0 -1000.0
1190000 -1000.0 -1000.0 -1000.0 -1000.0 -1000.0 -1000.0
1200000 -1000.0 -1000.0 -1000.0 -1000.0 -1000.0 -1000.0
1210000 -1000.0 -1000.0 -1000.0 -1000.0 -1000.0 -1000.0
1220000 -1000.0 -1000.0 -1000.0 -1000.0 -1000.0 -1000.0
1230000 -1000.0 -1000.0 -1000.0 -1000.0 -1000.0 -1000.0
1240000 -1000.0 -1000.0 -1000.0 -1000.0 -1000.0 -1000.0
1250000 -1000.0 -1000.0 -1000.0 -1000.0 -1000.0 -1000.0
1260000 -1000.0 -1000.0 -1000.0 -1000.0 -1000.0 -1000.0
1270000 -1000.0 -1000.0 -1000.0 -1000.0 -1000.0 -1000.0
1280000 -1000.0 -1000.0 -1000.0 -1000.0 -1000.0 -1000.0
1290000 -1000.0 -1000.0 -1000.0 -1000.0 -1000.0 -1000.0
1300000 -1000.0 -1000.0 -1000.0 -1000.0 -1000.0 -1000.0
1310000 -1000.0 -1000.0 -1000.0 -1000.0 -1000.0 -1000.0
1320000 -1000.0 -1000.0 -1000.0 -1000.0 -1000.0 -1000.0
1330000 -1000.0 -1000.0 -1000.0 -1000.0 -1000.0 -1000.0
1340000 -1000.0 -1000.0 -1000.0 -1000.0 -1000.0 -1000.0
1350000 -1000.0 -1000.0 -1000.0 -1000.0 -1000.0 -1000.0
1360000 -1000.0 -1000.0 -1000.0 -1000.0 -1000.0 -1000.0
1370000 -1000.0 -1000.0 -1000.0 -1000.0 -1000.0 -1000.0
1380000 -1000.0 -1000.0 -1000.0 -1000.0 -1000.0 -1000.0
1390000 -1000.0 -1000.0 -1000.0 -1000.0 -1000.0 -1000.0
1400000 -1000.0 -1000.0 -1000.0 -1000.0 -1000.0 -1000.0
1410000 -1000.0 -1000.0 -1000.0 -1000.0 -1000.0 -1000.0
1420000 -1000.0 -1000.0 -1000.0 -1000.0 -1000.0 -1000.0
1430000 -1000.0 -1000.0 -1000.0 -1000.0 -1000.0 -1000.0
1440000 -1000.0 -1000.0 -1000.0 -1000.0 -1000.0 -1000.0
1450000 -1000.0 -1000.0 -1000.0 -1000.0 -1000.0 -1000.0
1460000 -1000.0 -1000.0 -1000.0 -1000.0 -1000.0 -1000.0
1470000 -1000.0 -1000.0 -1000.0 -1000.0 -1000.0 -1000.0
1480000 -1000.0 -1000.0 -1000.0 -1000.0 -1000.0 -1000.0
1490000 -1000.0 -1000.0 -1000.0 -1000.0 -1000.0 -1000.0
1500000 -1000.0 -1000.0 -1000.0 -1000.0 -1000.0 -1000.0
1510000 -1000.0 -1000.0 -1000.0 -1000.0 -1000.0 -1000.0
1520000 -1000.0 -1000.0 -1000.0 -1000.0 -1000.0 -1000.0
1530000 -1000.0 -1000.0 -1000.0 -1000.0 -1000.0 -1000.0
1540000 -1000.0 -1000.0 -1000.0 -1000.0 -1000.0 -1000.0
1550000 -1000.0 -1000.0 -1000.0 -1000.0 -1000.0 -1000.0
1560000 -1000.0 -1000.0 -1000.0 -1000.0 -1000.0 -1000.0
1570000 -1000.0 -1000.0 -1000.0 -1000.0 -1000.0 -1000.0
1580000 -1000.0 -1000.0 -1000.0 -1000.0 -1000.0 -1000.0
1590000 -1000.0 -1000.0 -1000.0 -1000.0 -1000.0 -1000.0
1600000 -1000.0 -1000.0 -1000.0 -1000.0 -1000.0 -1000.0
1610000 -1000.0 -1000.0 -1000.0 -1000.0 -1000.0 -1000.0
1620000 -1000.0 -1000.0 -1000.0 -1000.0 -1000.0 -1000.0
1630000 -1000.0 -1000.0 -1000.0 -1000.0 -1000.0 -1000.0
1640000 -1000.0 -1000.0 -1000.0 -1000.0 -1000.0 -1000.0
1650000 -1000.0 -1000.0 -1000.0 -1000.0 -1000.0 -1000.0
1660000 -1000.0 -1000.0 -1000.0 -1000.0 -1000.0 -1000.0
1670000 -1000.0 -1000.0 -1000.0 -1000.0 -1000.0 -1000.0
1680000 -1000.0 -1000.0 -1000.0 -1000.0 -1000.0 -1000.0
1690000 -1000.0 -1000.0 -1000.0 -1000.0 -1000.0 -1000.0
1700000 -1000.0 -1000.0 -1000.0 -1000.0 -1000.0 -1000.0
1710000 -1000.0 -1000.0 -1000.0 -1000.0 -1000.0 -1000.0
1720000 -1000.0 -1000.0 -1000.0 -1000.0 -1000.0 -1000.0
1730000 -1000.0 -1000.0 -1000.0 -1000.0 -1000.0 -1000.0
1740000 -1000.0 -1000.0 -1000.0 -1000.0 -1000.0 -1000.0
1750000 -1000.0 -1000.0 -1000.0 -1000.0 -1000.0 -1000.0
1760000 -1000.0 -1000.0 -1000.0 -1000.0 -1000.0 -1000.0
1770000 -1000.0 -1000.0 -1000.0 -1000.0 -1000.0 -1000.0
1780000 -1000.0 -1000.0 -1000.0 -1000.0 -1000.0 -1000.0
1790000 -1000.0 -1000.0 -1000.0 -1000.0 -1000.0 -1000.0
1800000 -1000.0 -1000.0 -1000.0 -1000.0 -1000.0 -1000.0
1810000 -1000.0 -1000.0 -1000.0 -1000.0 -1000.0 -1000.0
1820000 -1000.0 -1000.0 -1000.0 -1000.0 -1000.0 -1000.0
1830000 -1000.0 -1000.0 -1000.0 -1000.0 -1000.0 -1000.0
1840000 -1000.0 -1000.0 -1000.0 -1000.0 -1000.0 -1000.0
1850000 -1000.0 -1000.0 -1000.0 -1000.0 -1000.0 -1000.0
1860000 -1000.0 -1000.0 -1000.0 -1000.0 -1000.0 -1000.0
1870000 -1000.0 -1000.0 -1000.0 -1000.0 -1000.0 -1000.0
1880000 -1000.0 -1000.0 -1000.0 -1000.0 -1000.0 -1000.0
1890000 -1000.0 -1000.0 -1000.0 -1000.0 -1000.0 -1000.0
1900000 -1000.0 -1000.0 -1000.0 -1000.0 -1000.0 -1000.0
1910000 -1000.0 -1000.0 -1000.0 -1000.0 -1000.0 -1000.0
1920000 -1000.0 -1000.0 -1000.0 -1000.0 -1000.0 -1000.0
1930000 -1000.0 -1000.0 -1000.0 -1000.0 -1000.0 -1000.0
1940000 -1000.0 -1000.0 -1000.0 -1000.0 -1000.0 -1000.0
1950000 -1000.0 -1000.0 -1000.0 -1000.0 -1000.0 -1000.0
1960000 -1000.0 -1000.0 -1000.0 -1000.0 -1000.0 -1000.0
1970000 -1000.0 -1000.0 -1000.0 -1000.0 -1000.0 -1000.0
1980000 -1000.0 -1000.0 -1000.0 -1000.0 -1000.0 -1000.0
1990000 -1000.0 -1000.0 -1000.0 -1000.0 -1000.0 -1000.0
2000000 -1000.0 -1000.0 -1000.0 -1000.0 -1000.0 -1000.0
2010000 -1000.0 -1000.0 -1000.0 -1000.0 -1000.0 -1000.0
2020000 -1000.0 -1000.0 -1000.0 -1000.0 -1000.0 -1000.0
2030000 -1000.0 -1000.0 -1000.0 -1000.0 -1000.0 -1000.0
2040000 -1000.0 -1000.0 -1000.0 -1000.0 -1000.0 -1000.0
2050000 -1000.0 -1000.0 -1000.0 -1000.0 -1000.0 -1000.0
2060000 -1000.0 -1000.0 -1000.0 -1000.0 -1000.0 -1000.0
2070000 -815.6 -1000.0 -1000.0 -1000.0 -1000.0 -78.0
2080000 -632.4 -1000.0 -1000.0 -1000.0 -84.0 -78.0
2090000 -817.6 -1000.0 -1000.0 -1000.0 -1000.0 -88.0
2100000 -817.6 -1000.0 -1000.0 -1000.0 -1000.0 -88.0
2110000 -633.2 -1000.0 -1000.0 -1000.0 -88.0 -78.0
2120000 -815.6 -1000.0 -1000.0 -1000.0 -1000.0 -78.0
2130000 -815.6 -1000.0 -1000.0 -1000.0 -1000.0 -78.0
2140000 -815.6 -1000.0 -1000.0 -1000.0 -1000.0 -78.0
2150000 -815.6 -1000.0 -1000.0 -1000.0 -1000.0 -78.0
2160000 -1000.0 -1000.0 -1000.0 -1000.0 -1000.0 -1000.0
2170000 -634.0 -1000.0 -1000.0 -1000.0 -92.0 -78.0
2180000 -815.6 -1000.0 -1000.0 -1000.0 -1000.0 -78.0
2190000 -815.6 -1000.0 -1000.0 -1000.0 -1000.0 -78.0
2200000 -1000.0 -1000.0 -1000.0 -1000.0 -1000.0 -1000.0
2210000 -1000.0 -1000.0 -1000.0 -1000.0 -1000.0 -1000.0
2220000 -815.6 -1000.0 -1000.0 -1000.0 -1000.0 -78.0
2230000 -815.6 -1000.0 -1000.0 -1000.0 -1000.0 -78.0
2240000 -634.0 -1000.0 -1000.0 -1000.0 -92.0 -78.0
2250000 -634.0 -1000.0 -1000.0 -1000.0 -92.0 -78.0
2260000 -815.6 -1000.0 -1000.0 -1000.0 -1000.0 -78.0
2270000 -815.6 -1000.0 -1000.0 -1000.0 -1000.0 -78.0
2280000 -633.6 -1000.0 -1000.0 -1000.0 -90.0 -78.0
2290000 -633.6 -1000.0 -1000.0 -1000.0 -90.0 -78.0
2300000 -632.4 -1000.0 -1000.0 -1000.0 -84.0 -78.0
2310000 -632.4 -1000.0 -1000.0 -1000.0 -84.0 -78.0
2320000 -632.4 -1000.0 -1000.0 -1000.0 -84.0 -78.0
2330000 -632.4 -1000.0 -1000.0 -1000.0 -84.0 -78.0
2340000 -450.8 -1000.0 -1000.0 -92.0 -84.0 -78.0
2350000 -450.4 -1000.0 -1000.0 -90.0 -84.0 -78.0
2360000 -450.4 -1000.0 -1000.0 -90.0 -84.0 -78.0
2370000 -634.0 -1000.0 -1000.0 -1000.0 -92.0 -78.0
2380000 -450.8 -1000.0 -1000.0 -92.0 -84.0 -78.0
2390000 -450.8 -1000.0 -1000.0 -92.0 -84.0 -78.0
2400000 -271.4 -1000.0 -103.0 -92.0 -84.0 -78.0
2410000 -632.4 -1000.0 -1000.0 -1000.0 -84.0 -78.0
2420000 -450.4 -1000.0 -1000.0 -90.0 -84.0 -78.0
2430000 -450.4 -1000.0 -1000.0 -90.0 -84.0 -78.0
2440000 -450.4 -1000.0 -1000.0 -90.0 -84.0 -78.0
2450000 -450.4 -1000.0 -1000.0 -90.0 -84.0 -78.0
2460000 -450.4 -1000.0 -1000.0 -90.0 -84.0 -78.0
2470000 -450.4 -1000.0 -1000.0 -90.0 -84.0 -78.0
2480000 -450.4 -1000.0 -1000.0 -90.0 -84.0 -78.0
2490000 -450.4 -1000.0 -1000.0 -90.0 -84.0 -78.0
2500000 -450.4 -1000.0 -1000.0 -90.0 -84.0 -78.0
2510000 -450.4 -1000.0 -1000.0 -90.0 -84.0 -78.0
2520000 -450.4 -1000.0 -1000.0 -90.0 -84.0 -78.0
2530000 -450.4 -1000.0 -1000.0 -90.0 -84.0 -78.0
2540000 -450.4 -1000.0 -1000.0 -90.0 -84.0 -78.0
2550000 -450.4 -1000.0 -1000.0 -90.0 -84.0 -78.0
2560000 -450.4 -1000.0 -1000.0 -90.0 -84.0 -78.0
2570000 -450.4 -1000.0 -1000.0 -90.0 -84.0 -78.0
2580000 -450.4 -1000.0 -1000.0 -90.0 -84.0 -78.0
2590000 -450.4 -1000.0 -1000.0 -90.0 -84.0 -78.0
2600000 -450.4 -1000.0 -1000.0 -90.0 -84.0 -78.0
2610000 -450.4 -1000.0 -1000.0 -90.0 -84.0 -78.0
2620000 -450.4 -1000.0 -1000.0 -90.0 -84.0 -78.0
2630000 -450.4 -1000.0 -1000.0 -90.0 -84.0 -78.0
2640000 -450.4 -1000.0 -1000.0 -90.0 -84.0 -78.0
2650000 -270.0 -1000.0 -98.0 -90.0 -84.0 -78.0
2660000 -270.0 -1000.0 -98.0 -90.0 -84.0 -78.0
2670000 -450.4 -1000.0 -1000.0 -90.0 -84.0 -78.0
2680000 -450.4 -1000.0 -1000.0 -90.0 -84.0 -78.0
2690000 -269.6 -1000.0 -96.0 -90.0 -84.0 -78.0
2700000 -269.6 -1000.0 -96.0 -90.0 -84.0 -78.0
2710000 -269.6 -1000.0 -96.0 -90.0 -84.0 -78.0
2720000 -269.6 -1000.0 -96.0 -90.0 -84.0 -78.0
2730000 -269.6 -1000.0 -96.0 -90.0 -84.0 -78.0
2740000 -269.6 -1000.0 -96.0 -90.0 -84.0 -78.0
2750000 -269.6 -1000.0 -96.0 -90.0 -84.0 -78.0
2760000 -269.6 -1000.0 -96.0 -90.0 -84.0 -78.0
2770000 -269.6 -1000.0 -96.0 -90.0 -84.0 -78.0
2780000 -269.6 -1000.0 -96.0 -90.0 -84.0 -78.0
2790000 -269.6 -1000.0 -96.0 -90.0 -84.0 -78.0
2800000 -269.6 -1000.0 -96.0 -90.0 -84.0 -78.0
2810000 -269.6 -1000.0 -96.0 -90.0 -84.0 -78.0
2820000 -269.6 -1000.0 -96.0 -90.0 -84.0 -78.0
2830000 -269.6 -1000.0 -96.0 -90.0 -84.0 -78.0
2840000 -269.6 -1000.0 -96.0 -90.0 -84.0 -78.0
2850000 -269.6 -1000.0 -96.0 -90.0 -84.0 -78.0
2860000 -269.6 -1000.0 -96.0 -90.0 -84.0 -78.0
2870000 -269.6 -1000.0 -96.0 -90.0 -84.0 -78.0
2880000 -269.6 -1000.0 -96.0 -90.0 -84.0 -78.0
2890000 -269.6 -1000.0 -96.0 -90.0 -84.0 -78.0
2900000 -269.6 -1000.0 -96.0 -90.0 -84.0 -78.0
2910000 -269.6 -1000.0 -96.0 -90.0 -84.0 -78.0
2920000 -269.6 -1000.0 -96.0 -90.0 -84.0 -78.0
2930000 -269.6 -1000.0 -96.0 -90.0 -84.0 -78.0
2940000 -269.6 -1000.0 -96.0 -90.0 -84.0 -78.0
2950000 -269.6 -1000.0 -96.0 -90.0 -84.0 -78.0
2960000 -269.6 -1000.0 -96.0 -90.0 -84.0 -78.0
2970000 -269.6 -1000.0 -96.0 -90.0 -84.0 -78.0
2980000 -269.6 -1000.0 -96.0 -90.0 -84.0 -78.0
2990000 -89.8 -101.0 -96.0 -90.0 -84.0 -78.0
3000000 -89.8 -101.0 -96.0 -90.0 -84.0 -78.0
3010000 -89.8 -101.0 -96.0 -90.0 -84.0 -78.0
3020000 -89.8 -101.0 -96.0 -90.0 -84.0 -78.0
3030000 -89.8 -101.0 -96.0 -90.0 -84.0 -78.0
3040000 -89.8 -101.0 -96.0 -90.0 -84.0 -78.0
3050000 -89.8 -101.0 -96.0 -90.0 -84.0 -78.0
3060000 -89.8 -101.0 -96.0 -90.0 -84.0 -78.0
3070000 -89.8 -101.0 -96.0 -90.0 -84.0 -78.0
3080000 -89.8 -101.0 -96.0 -90.0 -84.0 -78.0
3090000 -89.8 -101.0 -96.0 -90.0 -84.0 -78.0
3100000 -89.8 -101.0 -96.0 -90.0 -84.0 -78.0
3110000 -89.8 -101.0 -96.0 -90.0 -84.0 -78.0
3120000 -89.8 -101.0 -96.0 -90.0 -84.0 -78.0
3130000 -89.8 -101.0 -96.0 -90.0 -84.0 -78.0
3140000 -89.8 -101.0 -96.0 -90.0 -84.0 -78.0
3150000 -269.6 -1000.0 -96.0 -90.0 -84.0 -78.0
3160000 -269.6 -1000.0 -96.0 -90.0 -84.0 -78.0
3170000 -269.6 -1000.0 -96.0 -90.0 -84.0 -78.0
3180000 -269.6 -1000.0 -96.0 -90.0 -84.0 -78.0
3190000 -269.6 -1000.0 -96.0 -90.0 -84.0 -78.0
3200000 -269.6 -1000.0 -96.0 -90.0 -84.0 -78.0
3210000 -269.6 -1000.0 -96.0 -90.0 -84.0 -78.0
3220000 -269.6 -1000.0 -96.0 -90.0 -84.0 -78.0
3230000 -269.6 -1000.0 -96.0 -90.0 -84.0 -78.0
3240000 -269.6 -1000.0 -96.0 -90.0 -84.0 -78.0
3250000 -269.6 -1000.0 -96.0 -90.0 -84.0 -78.0
3260000 -269.6 -1000.0 -96.0 -90.0 -84.0 -78.0
3270000 -269.6 -1000.0 -96.0 -90.0 -84.0 -78.0
3280000 -269.6 -1000.0 -96.0 -90.0 -84.0 -78.0
3290000 -269.6 -1000.0 -96.0 -90.0 -84.0 -78.0
3300000 -269.6 -1000.0 -96.0 -90.0 -84.0 -78.0
3310000 -269.6 -1000.0 -96.0 -90.0 -84.0 -78.0
3320000 -269.6 -1000.0 -96.0 -90.0 -84.0 -78.0
3330000 -269.6 -1000.0 -96.0 -90.0 -84.0 -78.0
3340000 -269.6 -1000.0 -96.0 -90.0 -84.0 -78.0
3350000 -269.6 -1000.0 -96.0 -90.0 -84.0 -78.0
3360000 -269.6 -1000.0 -96.0 -90.0 -84.0 -78.0
3370000 -269.6 -1000.0 -96.0 -90.0 -84.0 -78.0
3380000 -269.6 -1000.0 -96.0 -90.0 -84.0 -78.0
3390000 -269.6 -1000.0 -96.0 -90.0 -84.0 -78.0
3400000 -269.6 -1000.0 -96.0 -90.0 -84.0 -78.0
3410000 -269.6 -1000.0 -96.0 -90.0 -84.0 -78.0
3420000 -269.6 -1000.0 -96.0 -90.0 -84.0 -78.0
3430000 -269.6 -1000.0 -96.0 -90.0 -84.0 -78.0
3440000 -269.6 -1000.0 -96.0 -90.0 -84.0 -78.0
3450000 -89.8 -101.0 -96.0 -90.0 -84.0 -78.0
3460000 -89.8 -101.0 -96.0 -90.0 -84.0 -78.0
3470000 -269.6 -1000.0 -96.0 -90.0 -84.0 -78.0
3480000 -269.6 -1000.0 -96.0 -90.0 -84.0 -78.0
3490000 -269.6 -1000.0 -96.0 -90.0 -84.0 -78.0
3500000 -269.6 -1000.0 -96.0 -90.0 -84.0 -78.0
3510000 -269.6 -1000.0 -96.0 -90.0 -84.0 -78.0
3520000 -269.6 -1000.0 -96.0 -90.0 -84.0 -78.0
3530000 -269.6 -1000.0 -96.0 -90.0 -84.0 -78.0
3540000 -269.6 -1000.0 -96.0 -90.0 -84.0 -78.0
3550000 -269.6 -1000.0 -96.0 -90.0 -84.0 -78.0
3560000 -269.6 -1000.0 -96.0 -90.0 -84.0 -78.0
3570000 -269.6 -1000.0 -96.0 -90.0 -84.0 -78.0
3580000 -269.6 -1000.0 -96.0 -90.0 -84.0 -78.0
3590000 -269.6 -1000.0 -96.0 -90.0 -84.0 -78.0
3600000 -89.8 -101.0 -96.0 -90.0 -84.0 -78.0
3610000 -89.8 -101.0 -96.0 -90.0 -84.0 -78.0
3620000 -89.8 -101.0 -96.0 -90.0 -84.0 -78.0
3630000 -89.8 -101.0 -96.0 -90.0 -84.0 -78.0
3640000 -89.8 -101.0 -96.0 -90.0 -84.0 -78.0
3650000 -89.8 -101.0 -96.0 -90.0 -84.0 -78.0
3660000 -89.8 -101.0 -96.0 -90.0 -84.0 -78.0
3670000 -89.8 -101.0 -96.0 -90.0 -84.0 -78.0
3680000 -89.8 -101.0 -96.0 -90.0 -84.0 -78.0
3690000 -89.8 -101.0 -96.0 -90.0 -84.0 -78.0
3700000 -89.8 -101.0 -96.0 -90.0 -84.0 -78.0
3710000 -89.8 -101.0 -96.0 -90.0 -84.0 -78.0
3720000 -89.8 -101.0 -96.0 -90.0 -84.0 -78.0
3730000 -89.8 -101.0 -96.0 -90.0 -84.0 -78.0
3740000 -89.8 -101.0 -96.0 -90.0 -84.0 -78.0
3750000 -89.8 -101.0 -96.0 -90.0 -84.0 -78.0
3760000 -89.8 -101.0 -96.0 -90.0 -84.0 -78.0
3770000 -89.8 -101.0 -96.0 -90.0 -84.0 -78.0
3780000 -89.8 -101.0 -96.0 -90.0 -84.0 -78.0
3790000 -89.8 -101.0 -96.0 -90.0 -84.0 -78.0
3800000 -89.8 -101.0 -96.0 -90.0 -84.0 -78.0
3810000 -89.8 -101.0 -96.0 -90.0 -84.0 -78.0
3820000 -89.8 -101.0 -96.0 -90.0 -84.0 -78.0
3830000 -89.8 -101.0 -96.0 -90.0 -84.0 -78.0
3840000 -89.8 -101.0 -96.0 -90.0 -84.0 -78.0
3850000 -89.8 -101.0 -96.0 -90.0 -84.0 -78.0
3860000 -89.8 -101.0 -96.0 -90.0 -84.0 -78.0
3870000 -89.8 -101.0 -96.0 -90.0 -84.0 -78.0
3880000 -89.8 -101.0 -96.0 -90.0 -84.0 -78.0
3890000 -89.8 -101.0 -96.0 -90.0 -84.0 -78.0
3900000 -89.8 -101.0 -96.0 -90.0 -84.0 -78.0
3910000 -89.8 -101.0 -96.0 -90.0 -84.0 -78.0
3920000 -89.8 -101.0 -96.0 -90.0 -84.0 -78.0
3930000 -89.8 -101.0 -96.0 -90.0 -84.0 -78.0
3940000 -89.8 -101.0 -96.0 -90.0 -84.0 -78.0
3950000 -89.8 -101.0 -96.0 -90.0 -84.0 -78.0
3960000 -89.8 -101.0 -96.0 -90.0 -84.0 -78.0
3970000 -89.8 -101.0 -96.0 -90.0 -84.0 -78.0
3980000 -89.8 -101.0 -96.0 -90.0 -84.0 -78.0
3990000 -89.8 -101.0 -96.0 -90.0 -84.0 -78.0
4000000 -89.8 -101.0 -96.0 -90.0 -84.0 -78.0
4010000 -89.8 -101.0 -96.0 -90.0 -84.0 -78.0
4020000 -89.8 -101.0 -96.0 -90.0 -84.0 -78.0
4030000 -89.8 -101.0 -96.0 -90.0 -84.0 -78.0
4040000 -89.8 -101.0 -96.0 -90.0 -84.0 -78.0
4050000 -89.8 -101.0 -96.0 -90.0 -84.0 -78.0
4060000 -89.8 -101.0 -96.0 -90.0 -84.0 -78.0
4070000 -89.8 -101.0 -96.0 -90.0 -84.0 -78.0
4080000 -89.8 -101.0 -96.0 -90.0 -84.0 -78.0
4090000 -89.8 -101.0 -96.0 -90.0 -84.0 -78.0
4100000 -89.8 -101.0 -96.0 -90.0 -84.0 -78.0
4110000 -89.8 -101.0 -96.0 -90.0 -84.0 -78.0
4120000 -89.8 -101.0 -96.0 -90.0 -84.0 -78.0
4130000 -89.8 -101.0 -96.0 -90.0 -84.0 -78.0
4140000 -89.8 -101.0 -96.0 -90.0 -84.0 -78.0
4150000 -89.8 -101.0 -96.0 -90.0 -84.0 -78.0
4160000 -89.8 -101.0 -96.0 -90.0 -84.0 -78.0
4170000 -89.8 -101.0 -96.0 -90.0 -84.0 -78.0
4180000 -89.8 -101.0 -96.0 -90.0 -84.0 -78.0
4190000 -89.8 -101.0 -96.0 -90.0 -84.0 -78.0
4200000 -89.8 -101.0 -96.0 -90.0 -84.0 -78.0
4210000 -89.8 -101.0 -96.0 -90.0 -84.0 -78.0
4220000 -89.8 -101.0 -96.0 -90.0 -84.0 -78.0
4230000 -89.8 -101.0 -96.0 -90.0 -84.0 -78.0
4240000 -89.8 -101.0 -96.0 -90.0 -84.0 -78.0
4250000 -89.8 -101.0 -96.0 -90.0 -84.0 -78.0
4260000 -89.8 -101.0 -96.0 -90.0 -84.0 -78.0
4270000 -89.8 -101.0 -96.0 -90.0 -84.0 -78.0
4280000 -89.8 -101.0 -96.0 -90.0 -84.0 -78.0
4290000 -89.8 -101.0 -96.0 -90.0 -84.0 -78.0
4300000 -89.8 -101.0 -96.0 -90.0 -84.0 -78.0
4310000 -89.8 -101.0 -96.0 -90.0 -84.0 -78.0
4320000 -89.8 -101.0 -96.0 -90.0 -84.0 -78.0
4330000 -89.8 -101.0 -96.0 -90.0 -84.0 -78.0
4340000 -89.8 -101.0 -96.0 -90.0 -84.0 -78.0
4350000 -89.8 -101.0 -96.0 -90.0 -84.0 -78.0
4360000 -89.8 -101.0 -96.0 -90.0 -84.0 -78.0
4370000 -89.8 -101.0 -96.0 -90.0 -84.0 -78.0
4380000 -89.8 -101.0 -96.0 -90.0 -84.0 -78.0
4390000 -89.8 -101.0 -96.0 -90.0 -84.0 -78.0
4400000 -89.8 -101.0 -96.0 -90.0 -84.0 -78.0
4410000 -89.8 -101.0 -96.0 -90.0 -84.0 -78.0
4420000 -89.8 -101.0 -96.0 -90.0 -84.0 -78.0
4430000 -89.8 -101.0 -96.0 -90.0 -84.0 -78.0
4440000 -89.8 -101.0 -96.0 -90.0 -84.0 -78.0
4450000 -89.8 -101.0 -96.0 -90.0 -84.0 -78.0
4460000 -89.8 -101.0 -96.0 -90.0 -84.0 -78.0
4470000 -89.8 -101.0 -96.0 -90.0 -84.0 -78.0
4480000 -89.8 -101.0 -96.0 -90.0 -84.0 -78.0
4490000 -89.8 -101.0 -96.0 -90.0 -84.0 -78.0
4500000 -89.8 -101.0 -96.0 -90.0 -84.0 -78.0
4510000 -89.8 -101.0 -96.0 -90.0 -84.0 -78.0
4520000 -89.8 -101.0 -96.0 -90.0 -84.0 -78.0
4530000 -89.8 -101.0 -96.0 -90.0 -84.0 -78.0
4540000 -89.8 -101.0 -96.0 -90.0 -84.0 -78.0
4550000 -89.8 -101.0 -96.0 -90.0 -84.0 -78.0
4560000 -89.8 -101.0 -96.0 -90.0 -84.0 -78.0
4570000 -89.8 -101.0 -96.0 -90.0 -84.0 -78.0
4580000 -89.8 -101.0 -96.0 -90.0 -84.0 -78.0
4590000 -89.8 -101.0 -96.0 -90.0 -84.0 -78.0
4600000 -89.8 -101.0 -96.0 -90.0 -84.0 -78.0
4610000 -89.8 -101.0 -96.0 -90.0 -84.0 -78.0
4620000 -89.8 -101.0 -96.0 -90.0 -84.0 -78.0
4630000 -89.8 -101.0 -96.0 -90.0 -84.0 -78.0
4640000 -89.8 -101.0 -96.0 -90.0 -84.0 -78.0
4650000 -89.8 -101.0 -96.0 -90.0 -84.0 -78.0
4660000 -89.8 -101.0 -96.0 -90.0 -84.0 -78.0
4670000 -89.8 -101.0 -96.0 -90.0 -84.0 -78.0
4680000 -89.8 -101.0 -96.0 -90.0 -84.0 -78.0
4690000 -89.8 -101.0 -96.0 -90.0 -84.0 -78.0
4700000 -89.8 -101.0 -96.0 -90.0 -84.0 -78.0
4710000 -89.8 -101.0 -96.0 -90.0 -84.0 -78.0
4720000 -89.8 -101.0 -96.0 -90.0 -84.0 -78.0
4730000 -89.8 -101.0 -96.0 -90.0 -84.0 -78.0
4740000 -89.8 -101.0 -96.0 -90.0 -84.0 -78.0
4750000 -89.8 -101.0 -96.0 -90.0 -84.0 -78.0
4760000 -89.8 -101.0 -96.0 -90.0 -84.0 -78.0
4770000 -89.8 -101.0 -96.0 -90.0 -84.0 -78.0
4780000 -89.8 -101.0 -96.0 -90.0 -84.0 -78.0
4790000 -89.8 -101.0 -96.0 -90.0 -84.0 -78.0
4800000 -89.8 -101.0 -96.0 -90.0 -84.0 -78.0
4810000 -89.8 -101.0 -96.0 -90.0 -84.0 -78.0
4820000 -89.8 -101.0 -96.0 -90.0 -84.0 -78.0
4830000 -89.8 -101.0 -96.0 -90.0 -84.0 -78.0
4840000 -89.8 -101.0 -96.0 -90.0 -84.0 -78.0
4850000 -89.8 -101.0 -96.0 -90.0 -84.0 -78.0
4860000 -89.8 -101.0 -96.0 -90.0 -84.0 -78.0
4870000 -89.8 -101.0 -96.0 -90.0 -84.0 -78.0
4880000 -89.8 -101.0 -96.0 -90.0 -84.0 -78.0
4890000 -89.8 -101.0 -96.0 -90.0 -84.0 -78.0
4900000 -89.8 -101.0 -96.0 -90.0 -84.0 -78.0
4910000 -89.8 -101.0 -96.0 -90.0 -84.0 -78.0
4920000 -89.8 -101.0 -96.0 -90.0 -84.0 -78.0
4930000 -89.8 -101.0 -96.0 -90.0 -84.0 -78.0
4940000 -89.8 -101.0 -96.0 -90.0 -84.0 -78.0
4950000 -89.8 -101.0 -96.0 -90.0 -84.0 -78.0
4960000 -89.8 -101.0 -96.0 -90.0 -84.0 -78.0
4970000 -89.8 -101.0 -96.0 -90.0 -84.0 -78.0
4980000 -89.8 -101.0 -96.0 -90.0 -84.0 -78.0
4990000 -89.8 -101.0 -96.0 -90.0 -84.0 -78.0
5000000 -89.8 -101.0 -96.0 -90.0 -84.0 -78.0
5010000 -89.8 -101.0 -96.0 -90.0 -84.0 -78.0
5020000 -89.8 -101.0 -96.0 -90.0 -84.0 -78.0
5030000 -89.8 -101.0 -96.0 -90.0 -84.0 -78.0
5040000 -89.8 -101.0 -96.0 -90.0 -84.0 -78.0
5050000 -89.8 -101.0 -96.0 -90.0 -84.0 -78.0
5060000 -89.8 -101.0 -96.0 -90.0 -84.0 -78.0
5070000 -89.8 -101.0 -96.0 -90.0 -84.0 -78.0
5080000 -89.8 -101.0 -96.0 -90.0 -84.0 -78.0
5090000 -89.8 -101.0 -96.0 -90.0 -84.0 -78.0
5100000 -89.8 -101.0 -96.0 -90.0 -84.0 -78.0
5110000 -89.8 -101.0 -96.0 -90.0 -84.0 -78.0
5120000 -89.8 -101.0 -96.0 -90.0 -84.0 -78.0
5130000 -89.8 -101.0 -96.0 -90.0 -84.0 -78.0
5140000 -89.8 -101.0 -96.0 -90.0 -84.0 -78.0
5150000 -89.8 -101.0 -96.0 -90.0 -84.0 -78.0
5160000 -89.8 -101.0 -96.0 -90.0 -84.0 -78.0
5170000 -89.8 -101.0 -96.0 -90.0 -84.0 -78.0
5180000 -89.8 -101.0 -96.0 -90.0 -84.0 -78.0
5190000 -89.8 -101.0 -96.0 -90.0 -84.0 -78.0
5200000 -89.8 -101.0 -96.0 -90.0 -84.0 -78.0
5210000 -89.8 -101.0 -96.0 -90.0 -84.0 -78.0
5220000 -89.8 -101.0 -96.0 -90.0 -84.0 -78.0
5230000 -89.8 -101.0 -96.0 -90.0 -84.0 -78.0
5240000 -89.8 -101.0 -96.0 -90.0 -84.0 -78.0
5250000 -89.8 -101.0 -96.0 -90.0 -84.0 -78.0
5260000 -89.8 -101.0 -96.0 -90.0 -84.0 -78.0
5270000 -89.8 -101.0 -96.0 -90.0 -84.0 -78.0
5280000 -89.8 -101.0 -96.0 -90.0 -84.0 -78.0
5290000 -89.8 -101.0 -96.0 -90.0 -84.0 -78.0
5300000 -89.8 -101.0 -96.0 -90.0 -84.0 -78.0
5310000 -89.8 -101.0 -96.0 -90.0 -84.0 -78.0
5320000 -89.8 -101.0 -96.0 -90.0 -84.0 -78.0
5330000 -89.8 -101.0 -96.0 -90.0 -84.0 -78.0
5340000 -89.8 -101.0 -96.0 -90.0 -84.0 -78.0
5350000 -89.8 -101.0 -96.0 -90.0 -84.0 -78.0
5360000 -89.8 -101.0 -96.0 -90.0 -84.0 -78.0
5370000 -89.8 -101.0 -96.0 -90.0 -84.0 -78.0
5380000 -89.8 -101.0 -96.0 -90.0 -84.0 -78.0
5390000 -89.8 -101.0 -96.0 -90.0 -84.0 -78.0
5400000 -89.8 -101.0 -96.0 -90.0 -84.0 -78.0
5410000 -89.8 -101.0 -96.0 -90.0 -84.0 -78.0
5420000 -89.8 -101.0 -96.0 -90.0 -84.0 -78.0
5430000 -89.8 -101.0 -96.0 -90.0 -84.0 -78.0
5440000 -89.8 -101.0 -96.0 -90.0 -84.0 -78.0
5450000 -89.8 -101.0 -96.0 -90.0 -84.0 -78.0
5460000 -89.8 -101.0 -96.0 -90.0 -84.0 -78.0
5470000 -89.8 -101.0 -96.0 -90.0 -84.0 -78.0
5480000 -89.8 -101.0 -96.0 -90.0 -84.0 -78.0
5490000 -89.8 -101.0 -96.0 -90.0 -84.0 -78.0
5500000 -89.8 -101.0 -96.0 -90.0 -84.0 -78.0
5510000 -89.8 -101.0 -96.0 -90.0 -84.0 -78.0
5520000 -89.8 -101.0 -96.0 -90.0 -84.0 -78.0
5530000 -89.8 -101.0 -96.0 -90.0 -84.0 -78.0
5540000 -89.8 -101.0 -96.0 -90.0 -84.0 -78.0
5550000 -89.8 -101.0 -96.0 -90.0 -84.0 -78.0
5560000 -89.8 -101.0 -96.0 -90.0 -84.0 -78.0
5570000 -89.8 -101.0 -96.0 -90.0 -84.0 -78.0
5580000 -89.8 -101.0 -96.0 -90.0 -84.0 -78.0
5590000 -89.8 -101.0 -96.0 -90.0 -84.0 -78.0
5600000 -89.8 -101.0 -96.0 -90.0 -84.0 -78.0
5610000 -89.8 -101.0 -96.0 -90.0 -84.0 -78.0
5620000 -89.8 -101.0 -96.0 -90.0 -84.0 -78.0
5630000 -89.8 -101.0 -96.0 -90.0 -84.0 -78.0
5640000 -89.8 -101.0 -96.0 -90.0 -84.0 -78.0
5650000 -89.8 -101.0 -96.0 -90.0 -84.0 -78.0
5660000 -89.8 -101.0 -96.0 -90.0 -84.0 -78.0
5670000 -89.8 -101.0 -96.0 -90.0 -84.0 -78.0
5680000 -89.8 -101.0 -96.0 -90.0 -84.0 -78.0
5690000 -89.8 -101.0 -96.0 -90.0 -84.0 -78.0
5700000 -89.8 -101.0 -96.0 -90.0 -84.0 -78.0
5710000 -89.8 -101.0 -96.0 -90.0 -84.0 -78.0
5720000 -89.8 -101.0 -96.0 -90.0 -84.0 -78.0
5730000 -89.8 -101.0 -96.0 -90.0 -84.0 -78.0
5740000 -89.8 -101.0 -96.0 -90.0 -84.0 -78.0
5750000 -89.8 -101.0 -96.0 -90.0 -84.0 -78.0
5760000 -89.8 -101.0 -96.0 -90.0 -84.0 -78.0
5770000 -89.8 -101.0 -96.0 -90.0 -84.0 -78.0
5780000 -89.8 -101.0 -96.0 -90.0 -84.0 -78.0
5790000 -89.8 -101.0 -96.0 -90.0 -84.0 -78.0
5800000 -89.8 -101.0 -96.0 -90.0 -84.0 -78.0
5810000 -89.8 -101.0 -96.0 -90.0 -84.0 -78.0
5820000 -89.8 -101.0 -96.0 -90.0 -84.0 -78.0
5830000 -89.8 -101.0 -96.0 -90.0 -84.0 -78.0
5840000 -89.8 -101.0 -96.0 -90.0 -84.0 -78.0
5850000 -89.8 -101.0 -96.0 -90.0 -84.0 -78.0
5860000 -89.8 -101.0 -96.0 -90.0 -84.0 -78.0
5870000 -89.8 -101.0 -96.0 -90.0 -84.0 -78.0
5880000 -89.8 -101.0 -96.0 -90.0 -84.0 -78.0
5890000 -89.8 -101.0 -96.0 -90.0 -84.0 -78.0
5900000 -89.8 -101.0 -96.0 -90.0 -84.0 -78.0
5910000 -89.8 -101.0 -96.0 -90.0 -84.0 -78.0
5920000 -89.8 -101.0 -96.0 -90.0 -84.0 -78.0
5930000 -89.8 -101.0 -96.0 -90.0 -84.0 -78.0
5940000 -89.8 -101.0 -96.0 -90.0 -84.0 -78.0
5950000 -89.8 -101.0 -96.0 -90.0 -84.0 -78.0
5960000 -89.8 -101.0 -96.0 -90.0 -84.0 -78.0
5970000 -89.8 -101.0 -96.0 -90.0 -84.0 -78.0
5980000 -89.8 -101.0 -96.0 -90.0 -84.0 -78.0
5990000 -89.8 -101.0 -96.0 -90.0 -84.0 -78.0
6000000 -89.8 -101.0 -96.0 -90.0 -84.0 -78.0
6010000 -89.8 -101.0 -96.0 -90.0 -84.0 -78.0
6020000 -89.8 -101.0 -96.0 -90.0 -84.0 -78.0
6030000 -89.8 -101.0 -96.0 -90.0 -84.0 -78.0
6040000 -89.8 -101.0 -96.0 -90.0 -84.0 -78.0
6050000 -89.8 -101.0 -96.0 -90.0 -84.0 -78.0
6060000 -89.8 -101.0 -96.0 -90.0 -84.0 -78.0
6070000 -89.8 -101.0 -96.0 -90.0 -84.0 -78.0
6080000 -89.8 -101.0 -96.0 -90.0 -84.0 -78.0
6090000 -89.8 -101.0 -96.0 -90.0 -84.0 -78.0
6100000 -89.8 -101.0 -96.0 -90.0 -84.0 -78.0
6110000 -89.8 -101.0 -96.0 -90.0 -84.0 -78.0
6120000 -89.8 -101.0 -96.0 -90.0 -84.0 -78.0
6130000 -89.8 -101.0 -96.0 -90.0 -84.0 -78.0
6140000 -89.8 -101.0 -96.0 -90.0 -84.0 -78.0
6150000 -89.8 -101.0 -96.0 -90.0 -84.0 -78.0
6160000 -89.8 -101.0 -96.0 -90.0 -84.0 -78.0
6170000 -89.8 -101.0 -96.0 -90.0 -84.0 -78.0
6180000 -89.8 -101.0 -96.0 -90.0 -84.0 -78.0
6190000 -89.8 -101.0 -96.0 -90.0 -84.0 -78.0
6200000 -89.8 -101.0 -96.0 -90.0 -84.0 -78.0
6210000 -89.8 -101.0 -96.0 -90.0 -84.0 -78.0
6220000 -89.8 -101.0 -96.0 -90.0 -84.0 -78.0
6230000 -89.8 -101.0 -96.0 -90.0 -84.0 -78.0
6240000 -89.8 -101.0 -96.0 -90.0 -84.0 -78.0
6250000 -89.8 -101.0 -96.0 -90.0 -84.0 -78.0
6260000 -89.8 -101.0 -96.0 -90.0 -84.0 -78.0
6270000 -89.8 -101.0 -96.0 -90.0 -84.0 -78.0
6280000 -89.8 -101.0 -96.0 -90.0 -84.0 -78.0
6290000 -89.8 -101.0 -96.0 -90.0 -84.0 -78.0
6300000 -89.8 -101.0 -96.0 -90.0 -84.0 -78.0
6310000 -89.8 -101.0 -96.0 -90.0 -84.0 -78.0
6320000 -89.8 -101.0 -96.0 -90.0 -84.0 -78.0
6330000 -89.8 -101.0 -96.0 -90.0 -84.0 -78.0
6340000 -89.8 -101.0 -96.0 -90.0 -84.0 -78.0
6350000 -89.8 -101.0 -96.0 -90.0 -84.0 -78.0
6360000 -89.8 -101.0 -96.0 -90.0 -84.0 -78.0
6370000 -89.8 -101.0 -96.0 -90.0 -84.0 -78.0
6380000 -89.8 -101.0 -96.0 -90.0 -84.0 -78.0
6390000 -89.8 -101.0 -96.0 -90.0 -84.0 -78.0
6400000 -89.8 -101.0 -96.0 -90.0 -84.0 -78.0
6410000 -89.8 -101.0 -96.0 -90.0 -84.0 -78.0
6420000 -89.8 -101.0 -96.0 -90.0 -84.0 -78.0
6430000 -89.8 -101.0 -96.0 -90.0 -84.0 -78.0
6440000 -89.8 -101.0 -96.0 -90.0 -84.0 -78.0
6450000 -89.8 -101.0 -96.0 -90.0 -84.0 -78.0
6460000 -89.8 -101.0 -96.0 -90.0 -84.0 -78.0
6470000 -89.8 -101.0 -96.0 -90.0 -84.0 -78.0
6480000 -89.8 -101.0 -96.0 -90.0 -84.0 -78.0
6490000 -89.8 -101.0 -96.0 -90.0 -84.0 -78.0
6500000 -89.8 -101.0 -96.0 -90.0 -84.0 -78.0
6510000 -89.8 -101.0 -96.0 -90.0 -84.0 -78.0
6520000 -89.8 -101.0 -96.0 -90.0 -84.0 -78.0
6530000 -89.8 -101.0 -96.0 -90.0 -84.0 -78.0
6540000 -89.8 -101.0 -96.0 -90.0 -84.0 -78.0
6550000 -89.8 -101.0 -96.0 -90.0 -84.0 -78.0
6560000 -89.8 -101.0 -96.0 -90.0 -84.0 -78.0
6570000 -89.8 -101.0 -96.0 -90.0 -84.0 -78.0
6580000 -89.8 -101.0 -96.0 -90.0 -84.0 -78.0
6590000 -89.8 -101.0 -96.0 -90.0 -84.0 -78.0
6600000 -89.8 -101.0 -96.0 -90.0 -84.0 -78.0
6610000 -89.8 -101.0 -96.0 -90.0 -84.0 -78.0
6620000 -89.8 -101.0 -96.0 -90.0 -84.0 -78.0
6630000 -89.8 -101.0 -96.0 -90.0 -84.0 -78.0
6640000 -89.8 -101.0 -96.0 -90.0 -84.0 -78.0
6650000 -89.8 -101.0 -96.0 -90.0 -84.0 -78.0
6660000 -89.8 -101.0 -96.0 -90.0 -84.0 -78.0
6670000 -89.8 -101.0 -96.0 -90.0 -84.0 -78.0
6680000 -89.8 -101.0 -96.0 -90.0 -84.0 -78.0
6690000 -89.8 -101.0 -96.0 -90.0 -84.0 -78.0
6700000 -89.8 -101.0 -96.0 -90.0 -84.0 -78.0
6710000 -89.8 -101.0 -96.0 -90.0 -84.0 -78.0
6720000 -89.8 -101.0 -96.0 -90.0 -84.0 -78.0
6730000 -89.8 -101.0 -96.0 -90.0 -84.0 -78.0
6740000 -89.8 -101.0 -96.0 -90.0 -84.0 -78.0
6750000 -89.8 -101.0 -96.0 -90.0 -84.0 -78.0
6760000 -89.8 -101.0 -96.0 -90.0 -84.0 -78.0
6770000 -89.8 -101.0 -96.0 -90.0 -84.0 -78.0
6780000 -89.8 -101.0 -96.0 -90.0 -84.0 -78.0
6790000 -89.8 -101.0 -96.0 -90.0 -84.0 -78.0
6800000 -89.8 -101.0 -96.0 -90.0 -84.0 -78.0
6810000 -89.8 -101.0 -96.0 -90.0 -84.0 -78.0
6820000 -89.8 -101.0 -96.0 -90.0 -84.0 -78.0
6830000 -89.8 -101.0 -96.0 -90.0 -84.0 -78.0
6840000 -89.8 -101.0 -96.0 -90.0 -84.0 -78.0
6850000 -89.8 -101.0 -96.0 -90.0 -84.0 -78.0
6860000 -89.8 -101.0 -96.0 -90.0 -84.0 -78.0
6870000 -89.8 -101.0 -96.0 -90.0 -84.0 -78.0
6880000 -89.8 -101.0 -96.0 -90.0 -84.0 -78.0
6890000 -89.8 -101.0 -96.0 -90.0 -84.0 -78.0
6900000 -89.8 -101.0 -96.0 -90.0 -84.0 -78.0
6910000 -89.8 -101.0 -96.0 -90.0 -84.0 -78.0
6920000 -89.8 -101.0 -96.0 -90.0 -84.0 -78.0
6930000 -89.8 -101.0 -96.0 -90.0 -84.0 -78.0
6940000 -89.8 -101.0 -96.0 -90.0 -84.0 -78.0
6950000 -89.8 -101.0 -96.0 -90.0 -84.0 -78.0
6960000 -89.8 -101.0 -96.0 -90.0 -84.0 -78.0
6970000 -89.8 -101.0 -96.0 -90.0 -84.0 -78.0
6980000 -89.8 -101.0 -96.0 -90.0 -84.0 -78.0
6990000 -89.8 -101.0 -96.0 -90.0 -84.0 -78.0
7000000 -89.8 -101.0 -96.0 -90.0 -84.0 -78.0
7010000 -89.8 -101.0 -96.0 -90.0 -84.0 -78.0
7020000 -89.8 -101.0 -96.0 -90.0 -84.0 -78.0
7030000 -89.8 -101.0 -96.0 -90.0 -84.0 -78.0
7040000 -89.8 -101.0 -96.0 -90.0 -84.0 -78.0
7050000 -89.8 -101.0 -96.0 -90.0 -84.0 -78.0
7060000 -89.8 -101.0 -96.0 -90.0 -84.0 -78.0
7070000 -89.8 -101.0 -96.0 -90.0 -84.0 -78.0
7080000 -89.8 -101.0 -96.0 -90.0 -84.0 -78.0
7090000 -89.8 -101.0 -96.0 -90.0 -84.0 -78.0
7100000 -89.8 -101.0 -96.0 -90.0 -84.0 -78.0
7110000 -89.8 -101.0 -96.0 -90.0 -84.0 -78.0
7120000 -89.8 -101.0 -96.0 -90.0 -84.0 -78.0
7130000 -89.8 -101.0 -96.0 -90.0 -84.0 -78.0
7140000 -89.8 -101.0 -96.0 -90.0 -84.0 -78.0
7150000 -89.8 -101.0 -96.0 -90.0 -84.0 -78.0
7160000 -89.8 -101.0 -96.0 -90.0 -84.0 -78.0
7170000 -89.8 -101.0 -96.0 -90.0 -84.0 -78.0
7180000 -89.8 -101.0 -96.0 -90.0 -84.0 -78.0
7190000 -89.8 -101.0 -96.0 -90.0 -84.0 -78.0
7200000 -89.8 -101.0 -96.0 -90.0 -84.0 -78.0
7210000 -89.8 -101.0 -96.0 -90.0 -84.0 -78.0
7220000 -89.8 -101.0 -96.0 -90.0 -84.0 -78.0
7230000 -89.8 -101.0 -96.0 -90.0 -84.0 -78.0
7240000 -89.8 -101.0 -96.0 -90.0 -84.0 -78.0
7250000 -89.8 -101.0 -96.0 -90.0 -84.0 -78.0
7260000 -89.8 -101.0 -96.0 -90.0 -84.0 -78.0
7270000 -89.8 -101.0 -96.0 -90.0 -84.0 -78.0
7280000 -89.8 -101.0 -96.0 -90.0 -84.0 -78.0
7290000 -89.8 -101.0 -96.0 -90.0 -84.0 -78.0
7300000 -89.8 -101.0 -96.0 -90.0 -84.0 -78.0
7310000 -89.8 -101.0 -96.0 -90.0 -84.0 -78.0
7320000 -89.8 -101.0 -96.0 -90.0 -84.0 -78.0
7330000 -89.8 -101.0 -96.0 -90.0 -84.0 -78.0
7340000 -89.8 -101.0 -96.0 -90.0 -84.0 -78.0
7350000 -89.8 -101.0 -96.0 -90.0 -84.0 -78.0
7360000 -89.8 -101.0 -96.0 -90.0 -84.0 -78.0
7370000 -89.8 -101.0 -96.0 -90.0 -84.0 -78.0
7380000 -89.8 -101.0 -96.0 -90.0 -84.0 -78.0
7390000 -89.8 -101.0 -96.0 -90.0 -84.0 -78.0
7400000 -89.8 -101.0 -96.0 -90.0 -84.0 -78.0
7410000 -89.8 -101.0 -96.0 -90.0 -84.0 -78.0
7420000 -89.8 -101.0 -96.0 -90.0 -84.0 -78.0
7430000 -89.8 -101.0 -96.0 -90.0 -84.0 -78.0
7440000 -89.8 -101.0 -96.0 -90.0 -84.0 -78.0
7450000 -89.8 -101.0 -96.0 -90.0 -84.0 -78.0
7460000 -89.8 -101.0 -96.0 -90.0 -84.0 -78.0
7470000 -89.8 -101.0 -96.0 -90.0 -84.0 -78.0
7480000 -89.8 -101.0 -96.0 -90.0 -84.0 -78.0
7490000 -89.8 -101.0 -96.0 -90.0 -84.0 -78.0
7500000 -89.8 -101.0 -96.0 -90.0 -84.0 -78.0
7510000 -89.8 -101.0 -96.0 -90.0 -84.0 -78.0
7520000 -89.8 -101.0 -96.0 -90.0 -84.0 -78.0
7530000 -89.8 -101.0 -96.0 -90.0 -84.0 -78.0
7540000 -89.8 -101.0 -96.0 -90.0 -84.0 -78.0
7550000 -89.8 -101.0 -96.0 -90.0 -84.0 -78.0
7560000 -89.8 -101.0 -96.0 -90.0 -84.0 -78.0
7570000 -89.8 -101.0 -96.0 -90.0 -84.0 -78.0
7580000 -89.8 -101.0 -96.0 -90.0 -84.0 -78.0
7590000 -89.8 -101.0 -96.0 -90.0 -84.0 -78.0
7600000 -89.8 -101.0 -96.0 -90.0 -84.0 -78.0
7610000 -89.8 -101.0 -96.0 -90.0 -84.0 -78.0
7620000 -89.8 -101.0 -96.0 -90.0 -84.0 -78.0
7630000 -89.8 -101.0 -96.0 -90.0 -84.0 -78.0
7640000 -89.8 -101.0 -96.0 -90.0 -84.0 -78.0
7650000 -89.8 -101.0 -96.0 -90.0 -84.0 -78.0
7660000 -89.8 -101.0 -96.0 -90.0 -84.0 -78.0
7670000 -89.8 -101.0 -96.0 -90.0 -84.0 -78.0
7680000 -89.8 -101.0 -96.0 -90.0 -84.0 -78.0
7690000 -89.8 -101.0 -96.0 -90.0 -84.0 -78.0
7700000 -89.8 -101.0 -96.0 -90.0 -84.0 -78.0
7710000 -89.8 -101.0 -96.0 -90.0 -84.0 -78.0
7720000 -89.8 -101.0 -96.0 -90.0 -84.0 -78.0
7730000 -89.8 -101.0 -96.0 -90.0 -84.0 -78.0
7740000 -89.8 -101.0 -96.0 -90.0 -84.0 -78.0
7750000 -89.8 -101.0 -96.0 -90.0 -84.0 -78.0
7760000 -89.8 -101.0 -96.0 -90.0 -84.0 -78.0
7770000 -89.8 -101.0 -96.0 -90.0 -84.0 -78.0
7780000 -89.8 -101.0 -96.0 -90.0 -84.0 -78.0
7790000 -89.8 -101.0 -96.0 -90.0 -84.0 -78.0
7800000 -89.8 -101.0 -96.0 -90.0 -84.0 -78.0
7810000 -89.8 -101.0 -96.0 -90.0 -84.0 -78.0
7820000 -89.8 -101.0 -96.0 -90.0 -84.0 -78.0
7830000 -89.8 -101.0 -96.0 -90.0 -84.0 -78.0
7840000 -89.8 -101.0 -96.0 -90.0 -84.0 -78.0
7850000 -89.8 -101.0 -96.0 -90.0 -84.0 -78.0
7860000 -89.8 -101.0 -96.0 -90.0 -84.0 -78.0
7870000 -89.8 -101.0 -96.0 -90.0 -84.0 -78.0
7880000 -89.8 -101.0 -96.0 -90.0 -84.0 -78.0
7890000 -89.8 -101.0 -96.0 -90.0 -84.0 -78.0
7900000 -89.8 -101.0 -96.0 -90.0 -84.0 -78.0
7910000 -89.8 -101.0 -96.0 -90.0 -84.0 -78.0
7920000 -89.8 -101.0 -96.0 -90.0 -84.0 -78.0
7930000 -89.8 -101.0 -96.0 -90.0 -84.0 -78.0
7940000 -89.8 -101.0 -96.0 -90.0 -84.0 -78.0
7950000 -89.8 -101.0 -96.0 -90.0 -84.0 -78.0
7960000 -89.8 -101.0 -96.0 -90.0 -84.0 -78.0
7970000 -89.8 -101.0 -96.0 -90.0 -84.0 -78.0
7980000 -89.8 -101.0 -96.0 -90.0 -84.0 -78.0
7990000 -89.8 -101.0 -96.0 -90.0 -84.0 -78.0
8000000 -89.8 -101.0 -96.0 -90.0 -84.0 -78.0
8010000 -89.8 -101.0 -96.0 -90.0 -84.0 -78.0
8020000 -89.8 -101.0 -96.0 -90.0 -84.0 -78.0
8030000 -89.8 -101.0 -96.0 -90.0 -84.0 -78.0
8040000 -89.8 -101.0 -96.0 -90.0 -84.0 -78.0
8050000 -89.8 -101.0 -96.0 -90.0 -84.0 -78.0
8060000 -89.8 -101.0 -96.0 -90.0 -84.0 -78.0
8070000 -89.8 -101.0 -96.0 -90.0 -84.0 -78.0
8080000 -89.8 -101.0 -96.0 -90.0 -84.0 -78.0
8090000 -89.8 -101.0 -96.0 -90.0 -84.0 -78.0
8100000 -89.8 -101.0 -96.0 -90.0 -84.0 -78.0
8110000 -89.8 -101.0 -96.0 -90.0 -84.0 -78.0
8120000 -89.8 -101.0 -96.0 -90.0 -84.0 -78.0
8130000 -89.8 -101.0 -96.0 -90.0 -84.0 -78.0
8140000 -89.8 -101.0 -96.0 -90.0 -84.0 -78.0
8150000 -89.8 -101.0 -96.0 -90.0 -84.0 -78.0
8160000 -89.8 -101.0 -96.0 -90.0 -84.0 -78.0
8170000 -89.8 -101.0 -96.0 -90.0 -84.0 -78.0
8180000 -89.8 -101.0 -96.0 -90.0 -84.0 -78.0
8190000 -89.8 -101.0 -96.0 -90.0 -84.0 -78.0
8200000 -89.8 -101.0 -96.0 -90.0 -84.0 -78.0
8210000 -89.8 -101.0 -96.0 -90.0 -84.0 -78.0
8220000 -89.8 -101.0 -96.0 -90.0 -84.0 -78.0
8230000 -89.8 -101.0 -96.0 -90.0 -84.0 -78.0
8240000 -89.8 -101.0 -96.0 -90.0 -84.0 -78.0
8250000 -89.8 -101.0 -96.0 -90.0 -84.0 -78.0
8260000 -89.8 -101.0 -96.0 -90.0 -84.0 -78.0
8270000 -89.8 -101.0 -96.0 -90.0 -84.0 -78.0
8280000 -89.8 -101.0 -96.0 -90.0 -84.0 -78.0
8290000 -89.8 -101.0 -96.0 -90.0 -84.0 -78.0
8300000 -89.8 -101.0 -96.0 -90.0 -84.0 -78.0
8310000 -89.8 -101.0 -96.0 -90.0 -84.0 -78.0
8320000 -89.8 -101.0 -96.0 -90.0 -84.0 -78.0
8330000 -89.8 -101.0 -96.0 -90.0 -84.0 -78.0
8340000 -89.8 -101.0 -96.0 -90.0 -84.0 -78.0
8350000 -89.8 -101.0 -96.0 -90.0 -84.0 -78.0
8360000 -89.8 -101.0 -96.0 -90.0 -84.0 -78.0
8370000 -89.8 -101.0 -96.0 -90.0 -84.0 -78.0
8380000 -89.8 -101.0 -96.0 -90.0 -84.0 -78.0
8390000 -89.8 -101.0 -96.0 -90.0 -84.0 -78.0
8400000 -89.8 -101.0 -96.0 -90.0 -84.0 -78.0
8410000 -89.8 -101.0 -96.0 -90.0 -84.0 -78.0
8420000 -89.8 -101.0 -96.0 -90.0 -84.0 -78.0
8430000 -89.8 -101.0 -96.0 -90.0 -84.0 -78.0
8440000 -89.8 -101.0 -96.0 -90.0 -84.0 -78.0
8450000 -89.8 -101.0 -96.0 -90.0 -84.0 -78.0
8460000 -89.8 -101.0 -96.0 -90.0 -84.0 -78.0
8470000 -89.8 -101.0 -96.0 -90.0 -84.0 -78.0
8480000 -89.8 -101.0 -96.0 -90.0 -84.0 -78.0
8490000 -89.8 -101.0 -96.0 -90.0 -84.0 -78.0
8500000 -89.8 -101.0 -96.0 -90.0 -84.0 -78.0
8510000 -89.8 -101.0 -96.0 -90.0 -84.0 -78.0
8520000 -89.8 -101.0 -96.0 -90.0 -84.0 -78.0
8530000 -89.8 -101.0 -96.0 -90.0 -84.0 -78.0
8540000 -89.8 -101.0 -96.0 -90.0 -84.0 -78.0
8550000 -89.8 -101.0 -96.0 -90.0 -84.0 -78.0
8560000 -89.8 -101.0 -96.0 -90.0 -84.0 -78.0
8570000 -89.8 -101.0 -96.0 -90.0 -84.0 -78.0
8580000 -89.8 -101.0 -96.0 -90.0 -84.0 -78.0
8590000 -89.8 -101.0 -96.0 -90.0 -84.0 -78.0
8600000 -89.8 -101.0 -96.0 -90.0 -84.0 -78.0
8610000 -89.8 -101.0 -96.0 -90.0 -84.0 -78.0
8620000 -89.8 -101.0 -96.0 -90.0 -84.0 -78.0
8630000 -89.8 -101.0 -96.0 -90.0 -84.0 -78.0
8640000 -89.8 -101.0 -96.0 -90.0 -84.0 -78.0
8650000 -89.8 -101.0 -96.0 -90.0 -84.0 -78.0
8660000 -89.8 -101.0 -96.0 -90.0 -84.0 -78.0
8670000 -89.8 -101.0 -96.0 -90.0 -84.0 -78.0
8680000 -89.8 -101.0 -96.0 -90.0 -84.0 -78.0
8690000 -89.8 -101.0 -96.0 -90.0 -84.0 -78.0
8700000 -89.8 -101.0 -96.0 -90.0 -84.0 -78.0
8710000 -89.8 -101.0 -96.0 -90.0 -84.0 -78.0
8720000 -89.8 -101.0 -96.0 -90.0 -84.0 -78.0
8730000 -89.8 -101.0 -96.0 -90.0 -84.0 -78.0
8740000 -89.8 -101.0 -96.0 -90.0 -84.0 -78.0
8750000 -89.8 -101.0 -96.0 -90.0 -84.0 -78.0
8760000 -89.8 -101.0 -96.0 -90.0 -84.0 -78.0
8770000 -89.8 -101.0 -96.0 -90.0 -84.0 -78.0
8780000 -89.8 -101.0 -96.0 -90.0 -84.0 -78.0
8790000 -89.8 -101.0 -96.0 -90.0 -84.0 -78.0
8800000 -89.8 -101.0 -96.0 -90.0 -84.0 -78.0
8810000 -89.8 -101.0 -96.0 -90.0 -84.0 -78.0
8820000 -89.8 -101.0 -96.0 -90.0 -84.0 -78.0
8830000 -89.8 -101.0 -96.0 -90.0 -84.0 -78.0
8840000 -89.8 -101.0 -96.0 -90.0 -84.0 -78.0
8850000 -89.8 -101.0 -96.0 -90.0 -84.0 -78.0
8860000 -89.8 -101.0 -96.0 -90.0 -84.0 -78.0
8870000 -89.8 -101.0 -96.0 -90.0 -84.0 -78.0
8880000 -89.8 -101.0 -96.0 -90.0 -84.0 -78.0
8890000 -89.8 -101.0 -96.0 -90.0 -84.0 -78.0
8900000 -89.8 -101.0 -96.0 -90.0 -84.0 -78.0
8910000 -89.8 -101.0 -96.0 -90.0 -84.0 -78.0
8920000 -89.8 -101.0 -96.0 -90.0 -84.0 -78.0
8930000 -89.8 -101.0 -96.0 -90.0 -84.0 -78.0
8940000 -89.8 -101.0 -96.0 -90.0 -84.0 -78.0
8950000 -89.8 -101.0 -96.0 -90.0 -84.0 -78.0
8960000 -89.8 -101.0 -96.0 -90.0 -84.0 -78.0
8970000 -89.8 -101.0 -96.0 -90.0 -84.0 -78.0
8980000 -89.8 -101.0 -96.0 -90.0 -84.0 -78.0
8990000 -89.8 -101.0 -96.0 -90.0 -84.0 -78.0
9000000 -89.8 -101.0 -96.0 -90.0 -84.0 -78.0
9010000 -89.8 -101.0 -96.0 -90.0 -84.0 -78.0
9020000 -89.8 -101.0 -96.0 -90.0 -84.0 -78.0
9030000 -89.8 -101.0 -96.0 -90.0 -84.0 -78.0
9040000 -89.8 -101.0 -96.0 -90.0 -84.0 -78.0
9050000 -89.8 -101.0 -96.0 -90.0 -84.0 -78.0
9060000 -89.8 -101.0 -96.0 -90.0 -84.0 -78.0
9070000 -89.8 -101.0 -96.0 -90.0 -84.0 -78.0
9080000 -89.8 -101.0 -96.0 -90.0 -84.0 -78.0
9090000 -89.8 -101.0 -96.0 -90.0 -84.0 -78.0
9100000 -89.8 -101.0 -96.0 -90.0 -84.0 -78.0
9110000 -89.8 -101.0 -96.0 -90.0 -84.0 -78.0
9120000 -89.8 -101.0 -96.0 -90.0 -84.0 -78.0
9130000 -89.8 -101.0 -96.0 -90.0 -84.0 -78.0
9140000 -89.8 -101.0 -96.0 -90.0 -84.0 -78.0
9150000 -89.8 -101.0 -96.0 -90.0 -84.0 -78.0
9160000 -89.8 -101.0 -96.0 -90.0 -84.0 -78.0
9170000 -89.8 -101.0 -96.0 -90.0 -84.0 -78.0
9180000 -89.8 -101.0 -96.0 -90.0 -84.0 -78.0
9190000 -89.8 -101.0 -96.0 -90.0 -84.0 -78.0
9200000 -89.8 -101.0 -96.0 -90.0 -84.0 -78.0
9210000 -89.8 -101.0 -96.0 -90.0 -84.0 -78.0
9220000 -89.8 -101.0 -96.0 -90.0 -84.0 -78.0
9230000 -89.8 -101.0 -96.0 -90.0 -84.0 -78.0
9240000 -89.8 -101.0 -96.0 -90.0 -84.0 -78.0
9250000 -89.8 -101.0 -96.0 -90.0 -84.0 -78.0
9260000 -89.8 -101.0 -96.0 -90.0 -84.0 -78.0
9270000 -89.8 -101.0 -96.0 -90.0 -84.0 -78.0
9280000 -89.8 -101.0 -96.0 -90.0 -84.0 -78.0
9290000 -89.8 -101.0 -96.0 -90.0 -84.0 -78.0
9300000 -89.8 -101.0 -96.0 -90.0 -84.0 -78.0
9310000 -89.8 -101.0 -96.0 -90.0 -84.0 -78.0
9320000 -89.8 -101.0 -96.0 -90.0 -84.0 -78.0
9330000 -89.8 -101.0 -96.0 -90.0 -84.0 -78.0
9340000 -89.8 -101.0 -96.0 -90.0 -84.0 -78.0
9350000 -89.8 -101.0 -96.0 -90.0 -84.0 -78.0
9360000 -89.8 -101.0 -96.0 -90.0 -84.0 -78.0
9370000 -89.8 -101.0 -96.0 -90.0 -84.0 -78.0
9380000 -89.8 -101.0 -96.0 -90.0 -84.0 -78.0
9390000 -89.8 -101.0 -96.0 -90.0 -84.0 -78.0
9400000 -89.8 -101.0 -96.0 -90.0 -84.0 -78.0
9410000 -89.8 -101.0 -96.0 -90.0 -84.0 -78.0
9420000 -89.8 -101.0 -96.0 -90.0 -84.0 -78.0
9430000 -89.8 -101.0 -96.0 -90.0 -84.0 -78.0
9440000 -89.8 -101.0 -96.0 -90.0 -84.0 -78.0
9450000 -89.8 -101.0 -96.0 -90.0 -84.0 -78.0
9460000 -89.8 -101.0 -96.0 -90.0 -84.0 -78.0
9470000 -89.8 -101.0 -96.0 -90.0 -84.0 -78.0
9480000 -89.8 -101.0 -96.0 -90.0 -84.0 -78.0
9490000 -89.8 -101.0 -96.0 -90.0 -84.0 -78.0
9500000 -89.8 -101.0 -96.0 -90.0 -84.0 -78.0
9510000 -89.8 -101.0 -96.0 -90.0 -84.0 -78.0
9520000 -89.8 -101.0 -96.0 -90.0 -84.0 -78.0
9530000 -89.8 -101.0 -96.0 -90.0 -84.0 -78.0
9540000 -89.8 -101.0 -96.0 -90.0 -84.0 -78.0
9550000 -89.8 -101.0 -96.0 -90.0 -84.0 -78.0
9560000 -89.8 -101.0 -96.0 -90.0 -84.0 -78.0
9570000 -89.8 -101.0 -96.0 -90.0 -84.0 -78.0
9580000 -89.8 -101.0 -96.0 -90.0 -84.0 -78.0
9590000 -89.8 -101.0 -96.0 -90.0 -84.0 -78.0
9600000 -89.8 -101.0 -96.0 -90.0 -84.0 -78.0
9610000 -89.8 -101.0 -96.0 -90.0 -84.0 -78.0
9620000 -89.8 -101.0 -96.0 -90.0 -84.0 -78.0
9630000 -89.8 -101.0 -96.0 -90.0 -84.0 -78.0
9640000 -89.8 -101.0 -96.0 -90.0 -84.0 -78.0
9650000 -89.8 -101.0 -96.0 -90.0 -84.0 -78.0
9660000 -89.8 -101.0 -96.0 -90.0 -84.0 -78.0
9670000 -89.8 -101.0 -96.0 -90.0 -84.0 -78.0
9680000 -89.8 -101.0 -96.0 -90.0 -84.0 -78.0
9690000 -89.8 -101.0 -96.0 -90.0 -84.0 -78.0
9700000 -89.8 -101.0 -96.0 -90.0 -84.0 -78.0
9710000 -89.8 -101.0 -96.0 -90.0 -84.0 -78.0
9720000 -89.8 -101.0 -96.0 -90.0 -84.0 -78.0
9730000 -89.8 -101.0 -96.0 -90.0 -84.0 -78.0
9740000 -89.8 -101.0 -96.0 -90.0 -84.0 -78.0
9750000 -89.8 -101.0 -96.0 -90.0 -84.0 -78.0
9760000 -89.8 -101.0 -96.0 -90.0 -84.0 -78.0
9770000 -89.8 -101.0 -96.0 -90.0 -84.0 -78.0
9780000 -89.8 -101.0 -96.0 -90.0 -84.0 -78.0
9790000 -89.8 -101.0 -96.0 -90.0 -84.0 -78.0
9800000 -89.8 -101.0 -96.0 -90.0 -84.0 -78.0
9810000 -89.8 -101.0 -96.0 -90.0 -84.0 -78.0
9820000 -89.8 -101.0 -96.0 -90.0 -84.0 -78.0
9830000 -89.8 -101.0 -96.0 -90.0 -84.0 -78.0
9840000 -89.8 -101.0 -96.0 -90.0 -84.0 -78.0
9850000 -89.8 -101.0 -96.0 -90.0 -84.0 -78.0
9860000 -89.8 -101.0 -96.0 -90.0 -84.0 -78.0
9870000 -89.8 -101.0 -96.0 -90.0 -84.0 -78.0
9880000 -89.8 -101.0 -96.0 -90.0 -84.0 -78.0
9890000 -89.8 -101.0 -96.0 -90.0 -84.0 -78.0
9900000 -89.8 -101.0 -96.0 -90.0 -84.0 -78.0
9910000 -89.8 -101.0 -96.0 -90.0 -84.0 -78.0
9920000 -89.8 -101.0 -96.0 -90.0 -84.0 -78.0
9930000 -89.8 -101.0 -96.0 -90.0 -84.0 -78.0
9940000 -89.8 -101.0 -96.0 -90.0 -84.0 -78.0
9950000 -89.8 -101.0 -96.0 -90.0 -84.0 -78.0
9960000 -89.8 -101.0 -96.0 -90.0 -84.0 -78.0
9970000 -89.8 -101.0 -96.0 -90.0 -84.0 -78.0
9980000 -89.8 -101.0 -96.0 -90.0 -84.0 -78.0
9990000 -89.8 -101.0 -96.0 -90.0 -84.0 -78.0
10000000 -89.8 -101.0 -96.0 -90.0 -84.0 -78.0
